server: [672, 452, 728, 594]
server: [674, 452, 728, 589]
server: [675, 452, 730, 588]
server: [676, 452, 730, 588]
server: [677, 452, 731, 587]
server: [678, 452, 733, 586]
server: [673, 456, 730, 586]
server: [674, 456, 730, 585]
server: [675, 456, 729, 584]
server: [676, 456, 732, 582]
server: [677, 456, 732, 581]
server: [675, 458, 730, 580]
server: [675, 459, 732, 580]
server: [675, 460, 732, 580]
server: [675, 461, 732, 581]
server: [675, 462, 732, 581]
server: [681, 462, 734, 579]
server: [682, 462, 734, 578]
server: [683, 462, 734, 577]
server: [684, 462, 735, 577]
server: [684, 462, 735, 576]
server: [685, 461, 732, 575]
server: [686, 461, 732, 574]
server: [688, 461, 732, 573]
server: [689, 461, 732, 572]
server: [690, 462, 733, 572]
server: [691, 462, 735, 571]
server: [692, 462, 736, 570]
server: [693, 462, 738, 569]
server: [694, 461, 737, 567]
server: [695, 460, 738, 565]
server: [693, 461, 736, 567]
server: [694, 461, 736, 566]
server: [694, 461, 736, 566]
server: [694, 461, 737, 566]
server: [694, 462, 737, 566]
server: [694, 461, 738, 566]
server: [694, 462, 741, 567]
server: [694, 463, 741, 568]
server: [694, 463, 740, 568]
server: [694, 463, 741, 568]
server: [696, 463, 743, 569]
server: [696, 463, 744, 569]
server: [696, 463, 744, 569]
server: [696, 463, 744, 569]
server: [697, 463, 746, 569]
server: [697, 462, 747, 568]
server: [697, 462, 749, 568]
server: [697, 462, 750, 568]
server: [698, 462, 751, 568]
server: [699, 462, 751, 568]
server: [702, 464, 752, 568]
server: [703, 464, 753, 568]
server: [704, 464, 754, 567]
server: [705, 464, 755, 567]
server: [706, 464, 755, 566]
server: [708, 464, 750, 567]
server: [709, 464, 748, 565]
server: [710, 464, 747, 565]
server: [710, 464, 747, 566]
server: [711, 465, 748, 566]
server: [711, 465, 748, 566]
server: [711, 465, 748, 566]
server: [711, 465, 748, 566]
server: [711, 465, 748, 566]
server: [712, 465, 748, 566]
server: [714, 463, 749, 566]
server: [715, 462, 750, 566]
server: [716, 461, 750, 565]
server: [717, 461, 749, 565]
server: [718, 461, 750, 565]
server: [718, 459, 752, 562]
server: [719, 459, 753, 561]
server: [720, 459, 754, 561]
server: [721, 458, 754, 561]
server: [722, 457, 754, 560]
server: [720, 458, 754, 560]
server: [720, 457, 754, 558]
server: [720, 456, 753, 557]
server: [720, 455, 752, 556]
server: [720, 454, 753, 555]
server: [717, 453, 753, 552]
server: [717, 452, 753, 551]
server: [717, 452, 753, 551]
server: [717, 451, 755, 551]
server: [716, 450, 754, 551]
server: [716, 450, 755, 549]
server: [716, 449, 755, 548]
server: [716, 448, 755, 547]
server: [716, 447, 754, 546]
server: [715, 446, 754, 545]
server: [716, 443, 753, 541]
server: [716, 442, 753, 540]
server: [716, 441, 753, 539]
server: [716, 440, 753, 538]
server: [716, 440, 752, 538]
server: [718, 440, 755, 536]
server: [719, 439, 760, 534]
server: [719, 438, 759, 533]
server: [719, 437, 759, 532]
server: [719, 436, 759, 530]
server: [718, 435, 758, 529]
server: [718, 434, 758, 528]
server: [718, 433, 759, 526]
server: [718, 433, 758, 525]
server: [718, 433, 758, 525]
server: [718, 433, 757, 524]
server: [718, 433, 756, 524]
server: [717, 433, 756, 524]
server: [717, 432, 756, 523]
server: [717, 431, 755, 522]
server: [718, 430, 755, 520]
server: [718, 429, 754, 519]
server: [718, 428, 754, 518]
server: [718, 427, 754, 517]
server: [718, 426, 754, 516]
server: [717, 425, 754, 513]
server: [717, 424, 754, 512]
server: [717, 423, 755, 511]
server: [717, 422, 756, 510]
server: [717, 421, 757, 509]
server: [714, 421, 755, 508]
server: [713, 420, 754, 506]
server: [713, 419, 753, 505]
server: [713, 418, 753, 504]
server: [713, 417, 753, 503]
server: [708, 416, 752, 500]
server: [707, 416, 751, 499]
server: [706, 416, 751, 498]
server: [705, 416, 751, 498]
server: [704, 416, 751, 497]
server: [706, 416, 753, 496]
server: [706, 415, 753, 495]
server: [706, 414, 753, 494]
server: [706, 413, 756, 492]
server: [705, 412, 756, 491]
server: [707, 412, 758, 490]
server: [707, 412, 758, 489]
server: [707, 412, 760, 488]
server: [707, 412, 760, 488]
server: [707, 412, 758, 488]
server: [708, 412, 755, 487]
server: [708, 412, 755, 486]
server: [708, 411, 755, 485]
server: [708, 410, 755, 484]
server: [708, 409, 754, 483]
server: [709, 408, 753, 483]
server: [709, 408, 753, 482]
server: [709, 407, 755, 481]
server: [709, 407, 756, 480]
server: [709, 407, 757, 479]
server: [711, 407, 755, 480]
server: [711, 407, 755, 480]
server: [711, 407, 755, 480]
server: [711, 407, 756, 481]
server: [711, 407, 756, 481]
server: [714, 406, 757, 480]
server: [715, 405, 757, 479]
server: [715, 404, 757, 478]
server: [716, 403, 757, 478]
server: [717, 403, 757, 478]
server: [717, 402, 756, 475]
server: [718, 402, 755, 476]
server: [718, 402, 755, 475]
server: [719, 402, 755, 475]
server: [720, 402, 756, 474]
server: [719, 401, 755, 473]
server: [719, 400, 755, 472]
server: [719, 399, 755, 471]
server: [719, 398, 755, 470]
server: [719, 397, 755, 469]
server: [720, 396, 753, 468]
server: [720, 396, 752, 468]
server: [720, 396, 753, 467]
server: [720, 396, 753, 466]
server: [720, 396, 752, 465]
server: [720, 396, 752, 466]
server: [720, 396, 751, 466]
server: [720, 396, 752, 466]
server: [721, 395, 752, 465]
server: [721, 394, 752, 464]
server: [721, 393, 753, 464]
server: [721, 392, 753, 464]
server: [721, 391, 754, 464]
server: [721, 391, 754, 464]
server: [721, 391, 754, 464]
server: [720, 391, 754, 463]
server: [720, 391, 753, 463]
server: [720, 391, 753, 463]
server: [720, 391, 753, 463]
server: [720, 391, 753, 463]
server: [721, 390, 755, 462]
server: [721, 390, 755, 462]
server: [721, 389, 756, 462]
server: [721, 389, 757, 462]
server: [722, 388, 759, 461]
server: [722, 388, 759, 460]
server: [722, 388, 759, 460]
server: [722, 388, 759, 460]
server: [722, 388, 759, 460]
server: [722, 388, 760, 460]
server: [721, 388, 759, 458]
server: [721, 388, 760, 458]
server: [720, 388, 759, 458]
server: [720, 387, 759, 458]
server: [720, 386, 759, 457]
server: [721, 385, 759, 455]
server: [721, 384, 759, 454]
server: [721, 384, 759, 454]
server: [722, 384, 761, 454]
server: [722, 384, 761, 454]
server: [722, 384, 759, 451]
server: [722, 384, 758, 451]
server: [722, 384, 758, 451]
server: [722, 383, 759, 450]
server: [722, 382, 759, 449]
server: [722, 381, 757, 448]
server: [722, 381, 757, 447]
server: [722, 381, 757, 446]
server: [722, 380, 757, 445]
server: [722, 380, 756, 444]
server: [723, 379, 756, 444]
server: [724, 378, 756, 443]
server: [725, 378, 756, 443]
server: [725, 378, 756, 442]
server: [725, 378, 756, 442]
server: [727, 379, 758, 442]
server: [727, 379, 758, 441]
server: [728, 378, 759, 440]
server: [729, 378, 760, 440]
server: [729, 378, 760, 440]
server: [728, 376, 761, 438]
server: [728, 376, 761, 438]
server: [728, 376, 761, 437]
server: [728, 376, 761, 437]
server: [728, 376, 761, 437]
server: [729, 377, 760, 436]
server: [729, 377, 760, 436]
server: [729, 377, 759, 435]
server: [730, 377, 760, 434]
server: [730, 376, 761, 434]
server: [731, 375, 761, 433]
server: [731, 375, 762, 432]
server: [731, 375, 762, 432]
server: [731, 375, 761, 432]
server: [731, 375, 761, 432]
server: [731, 375, 760, 432]
server: [731, 376, 759, 432]
server: [731, 376, 759, 432]
server: [731, 376, 758, 432]
server: [731, 376, 758, 432]
server: [731, 376, 758, 432]
server: [731, 376, 758, 432]
server: [732, 375, 758, 431]
server: [732, 374, 758, 430]
server: [732, 374, 758, 430]
server: [732, 372, 759, 429]
server: [732, 372, 759, 429]
server: [732, 372, 759, 429]
server: [732, 372, 759, 429]
server: [732, 372, 758, 429]
server: [733, 372, 759, 428]
server: [733, 372, 759, 428]
server: [733, 371, 760, 427]
server: [733, 370, 760, 426]
server: [733, 369, 761, 425]
server: [735, 368, 763, 425]
server: [736, 368, 763, 425]
server: [736, 368, 763, 424]
server: [736, 368, 764, 424]
server: [736, 368, 764, 424]
server: [735, 368, 765, 424]
server: [735, 368, 765, 424]
server: [735, 368, 765, 424]
server: [735, 368, 765, 424]
server: [735, 368, 765, 424]
server: [735, 367, 765, 425]
server: [735, 366, 765, 425]
server: [735, 365, 765, 425]
server: [735, 365, 765, 425]
server: [735, 365, 765, 425]
server: [735, 365, 765, 424]
server: [735, 365, 765, 424]
server: [735, 365, 765, 424]
server: [735, 365, 765, 424]
server: [735, 365, 764, 424]
server: [735, 365, 764, 424]
server: [736, 364, 765, 423]
server: [736, 364, 765, 423]
server: [736, 363, 765, 423]
server: [736, 363, 765, 423]
server: [737, 361, 767, 422]
server: [737, 361, 767, 422]
server: [737, 361, 767, 422]
server: [737, 361, 767, 423]
server: [737, 361, 767, 423]
server: [737, 361, 767, 423]
server: [737, 361, 767, 423]
server: [737, 361, 767, 423]
server: [737, 361, 767, 423]
server: [737, 361, 768, 423]
server: [737, 360, 770, 422]
server: [737, 359, 771, 422]
server: [737, 359, 771, 422]
server: [737, 359, 771, 422]
server: [737, 359, 771, 422]
server: [741, 358, 773, 422]
server: [742, 358, 774, 422]
server: [743, 358, 774, 422]
server: [743, 358, 775, 422]
server: [743, 358, 775, 423]
server: [741, 358, 774, 423]
server: [741, 358, 775, 423]
server: [741, 358, 776, 423]
server: [741, 358, 776, 423]
server: [741, 358, 776, 423]
server: [740, 357, 773, 423]
server: [740, 357, 773, 423]
server: [740, 357, 773, 423]
server: [740, 357, 773, 423]
server: [739, 357, 772, 423]
server: [740, 357, 771, 423]
server: [740, 357, 771, 423]
server: [740, 357, 770, 423]
server: [740, 357, 771, 423]
server: [740, 357, 771, 423]
server: [739, 357, 769, 424]
server: [739, 357, 768, 424]
server: [739, 357, 768, 425]
server: [739, 357, 767, 425]
server: [739, 357, 767, 425]
server: [738, 357, 766, 426]
server: [738, 357, 765, 427]
server: [738, 357, 765, 427]

